Year	Hg_dep	Temp	Prec	
1990	12.21			
1991	13.72			
1992	12.88			
1993	17.87			
1994	13.99			
1995	14.7			
1996	14.19			
1997	17.46			
1998	15.63	-1.8	414.1	
1999	16.72	0.1	446.7	
2000	18.2	-0.5	491.5	
2001	13.88	-1.2	431.1	
2002	10.24	-0.6	386.4	
2003	11.31	-2.2	435.2	
2004	8.74	0	541.7	
2005	13.85	0.2	451	
2006	8.97	1.2	454.4	
2007	12.27	0.4	441.9	
2008	11.72	0	335.9	
2009	14.42	-0.2	482.2	
2010	11.95	-0.5	381.4	
2011	7.94	0.3	534.2	
2012	10.22	0.7	491.7	
2013	11.91	0.4	420.3	
2014	15.02	0.5	408.3	
2015	8.81	0.4	526.9	
2016	8.65	1.8	397.2	
2017	10.14	0.7	496	
2018	10.94	1	459.2	
2019	8.79	-0.5	495.1	
2020		-0.6	490.7	
				
				
				
				
				
				
				
				
				
				
				
				
				
				
				
				
				
				
				
				
				
				
				
				
				
				
				
				
				
				
				
				
				
				
				
				
				
				
				
				
				
				
				
				
				
				
				
				
				
				
				
				
				
				
				
				
				
				
				
				
				
				
				
				
				
				
				
				
				
				
				
				
				
				
				
				
				
				
				
				
				
				
				
				
				
				
				
				
				
				
				
				
				
				
				
				
				
				
				
				
				
				
				
				
				
				
				
				
				
				
				
				
				
				
				
				
				
				
				
				
				
				
				
				
				
				
				
				
				
				
				
				
				
				
				
				
				
				
				
				
				
				
				
				
				
				
				
				
				
				
				
				
				
				
				
				
				
				
				
				
				
				
				
				
				
				
				
				
				
				
				
				
				
				
				
				
				
				
				
				
				
				
				
				
				
				
				
				
				
				
				
				
				
				
				
				
				
				
				
				
				
				
				
				
				
				
				
				
				
				
				
				
				
				
				
				
				
				
				
				
				
				
				
				
